Angle	Impulses
a/º	Z/#/0,2s

8,1	228,0
8,2	200,0
8,4	135,0
8,5	115,5
8,7	69,0
8,9	65,0
9,0	68,0
9,2	33,0
9,3	37,5
9,5	40,0
9,7	38,0
9,8	19,0
9,9	22,0
10,0	26,0
10,1	30,0
10,3	22,0
10,5	19,0
10,6	22,0
10,7	21,0
10,8	14,0
10,9	10,0
11,1	12,0
11,2	14,0
11,4	10,0
11,5	8,0
11,6	6,0
11,7	13,0
11,8	19,0
12,0	11,0
12,2	13,0
12,3	14,0
12,4	13,0
12,5	22,0
12,6	24,0
12,8	17,0
13,0	17,0
13,1	22,0
13,2	25,0
13,3	28,0
13,4	28,0
13,6	21,0
13,7	19,0
13,9	27,0
14,0	31,0
14,2	38,0
14,4	53,0
14,6	32,0
14,7	47,0
14,8	45,5
15,0	47,0
15,2	46,0
15,4	44,0
15,5	67,0
15,6	53,0
15,8	53,0
16,0	52,0
16,1	56,0
16,3	78,0
16,4	84,0
16,6	79,0
16,8	66,0
16,9	79,0
17,1	105,0
17,2	86,0
17,5	103,0
17,6	95,0
17,8	93,0
17,9	108,0
18,0	110,0
18,3	92,0
18,4	106,0
18,6	124,0
18,7	113,0
18,8	117,0
19,0	118,0
19,2	129,0
19,4	143,0
19,5	139,0
19,6	145,5
19,8	155,0
20,0	152,0
20,1	128,0
20,3	159,5
20,4	143,0
20,6	149,0
20,8	145,0
20,9	156,0
21,0	152,0
21,1	166,0
21,2	164,0
21,4	157,0
21,6	157,0
21,7	171,0
21,9	150,5
22,0	170,0
22,2	166,0
22,4	160,0
22,5	169,0
22,6	144,0
22,7	172,0
23,0	172,0
23,2	181,0
23,3	173,0
23,4	168,0
23,5	180,5
23,8	195,0
24,0	169,0
24,1	167,0
24,2	184,0
24,3	210,5
24,5	186,0
24,8	189,0
24,9	177,0
25,0	182,0
25,1	178,5
25,4	161,0
25,6	187,0
25,7	163,0
25,8	165,0
25,9	165,0
26,0	156,0
26,2	147,0
26,4	151,0
26,5	183,0
26,6	147,0
26,7	156,0
26,8	147,0
27,0	150,0
27,2	166,0
27,3	147,0
27,4	139,0
27,5	164,0
27,8	143,0
28,0	163,0
28,1	162,0
28,2	137,0
28,3	152,5
28,5	158,0
28,8	149,0
28,9	141,0
29,0	162,0
29,1	151,0
29,4	135,0
29,6	158,0
29,7	141,0
29,8	154,0
29,9	151,0
30,2	160,0
30,4	147,0
30,5	144,0
30,6	156,0
30,7	141,5
30,9	142,0
31,1	151,0
31,3	137,0
31,4	142,0
31,5	141,5
31,7	146,0
32,0	134,0
32,1	140,0
32,2	144,0
32,3	131,5
32,5	147,0
32,7	118,0
32,9	144,0
33,0	123,0
33,1	135,0
33,3	145,0
33,5	118,0
33,7	132,0
33,8	125,0
34,1	109,0
34,3	120,0
34,5	119,0
34,6	128,0
34,9	113,0
35,1	123,0
35,2	105,0
35,4	113,0
35,7	126,0
35,9	114,0
36,0	111,0
36,1	126,0
36,2	117,0
36,4	134,0
36,7	114,0
36,8	117,0
36,9	119,0
37,0	109,5
37,2	116,0
37,5	105,0
37,6	122,0
37,7	113,0
37,8	115,0
38,1	130,0
38,3	123,0
38,5	140,0
38,6	299,0
38,8	586,0
39,1	602,0
39,2	608,0
39,3	644,0
39,4	662,0
39,7	476,0
39,9	469,0
40,0	452,0
40,2	189,0
40,4	132,0
40,7	123,0
40,8	111,0
40,9	87,0
41,0	122,5
41,2	110,0
41,5	106,0
41,6	116,0
41,7	115,0
41,8	117,5
42,0	106,0
42,3	111,0
42,4	120,0
42,5	157,5
42,6	189,0
42,8	402,0
43,1	430,0
43,2	445,0
43,3	1420,0
43,4	1469,5
43,6	1867,0
43,9	1818,0
44,0	1870,0
44,1	1667,0
44,2	1719,0
44,5	582,0
44,7	564,0
44,9	305,5
45,0	108,5
45,2	92,0
45,5	94,0
45,6	94,0
45,7	88,5
45,8	73,0
46,0	73,0
46,3	73,0
46,4	59,0
46,5	63,5
46,6	86,0
46,8	74,0
47,1	64,0
47,2	63,0
47,3	68,8
47,6	75,0
47,9	56,0
48,0	49,0
48,1	64,0
48,2	65,0
48,5	50,0
48,7	51,0
48,9	56,0
49,0	63,0
49,3	42,0
49,5	67,0
49,7	52,8
49,8	46,0
50,1	59,0
50,3	46,0
50,5	48,8
50,6	35,0
50,9	57,0
51,1	50,0
51,3	51,1
51,7	54,0
51,9	40,0
52,1	43,5
52,2	44,0
52,5	47,0
52,8	43,0
52,9	41,2
53,2	41,0
53,5	35,0
53,6	41,2
53,7	29,0
54,0	36,0
54,3	37,0
54,4	37,8
54,5	36,0
54,9	30,0
55,1	30,0
55,2	30,5
55,3	20,0
55,7	26,0
55,9	29,0
56,0	25,0
56,1	28,0
56,5	20,0
56,7	25,0
56,8	22,8
56,9	18,0
57,3	22,0
57,5	26,0
57,6	24,0
57,8	21,0
58,1	32,0
58,3	27,0
58,4	25,5
58,6	18,0
58,9	23,0
59,1	19,0
59,2	18,2
59,4	18,0
59,7	28,0
59,9	28,0
60,0	18,5
60,2	17,0
60,5	17,0
60,7	22,0
60,8	19,2
61,0	18,0
61,3	23,0
61,5	20,0
61,6	17,5
61,8	19,0
62,1	14,0
62,3	20,0
62,4	15,0
62,6	18,0
62,9	26,0
63,1	16,0
63,2	18,5
63,4	24,0
63,7	17,0
63,9	20,0
64,0	14,8
64,2	19,0
64,5	28,0
64,7	18,0
64,8	14,2
65,0	18,0
65,3	9,0
65,5	14,0
65,6	18,8
65,8	10,0
66,1	15,0
66,3	17,0
66,4	15,0
66,7	16,0
67,0	11,0
67,2	20,4
67,5	19,0
67,8	22,0
68,0	15,5
68,3	15,0
68,6	20,0
68,7	11,5
68,8	12,5
69,0	18,0
69,3	22,0
69,5	15,5
69,7	11,0
70,0	21,0
70,2	15,0
70,3	10,2
70,5	13,0
70,8	11,0
71,0	10,0
71,1	13,0
71,3	10,0
71,6	10,0
71,8	21,0
71,9	14,5
72,1	11,0
72,4	11,0
72,6	13,5
72,9	11,0
73,2	12,0
73,4	9,5
73,6	12,0
73,9	21,0
74,1	10,2
74,2	11,0
74,4	11,0
74,7	11,0
74,9	15,2
75,0	16,0
75,2	6,0
75,5	10,0
75,7	7,8
75,8	11,0
75,9	10,0
76,2	8,0
76,5	9,5
76,7	16,0
77,1	10,0
77,3	13,5
77,4	8,0
77,5	7,0
77,9	10,0
78,0	13,0
78,1	13,5
78,3	7,0
78,6	8,0
78,8	11,2
78,9	9,0
79,1	8,0
79,4	9,0
79,6	8,5
79,7	11,5
79,9	10,0
80,3	11,0
80,4	15,0
80,5	10,2
80,8	12,0
81,1	11,0
81,2	8,0
81,3	11,0
81,5	8,0
81,8	14,0
81,9	10,5
82,0	10,0
82,2	6,0
82,5	14,0
82,7	11,0
82,8	10,0
83,0	14,0
83,3	13,0
83,4	8,0
83,5	8,2
83,7	12,0
84,1	8,0
84,2	13,0
84,3	15,8
84,5	25,0
84,9	25,0
85,0	64,0
85,1	41,0
85,2	67,0
85,3	106,0
85,7	90,0
85,8	91,0
85,9	91,5
86,2	31,0
86,5	35,0
86,7	17,8
87,0	13,0
87,4	12,5
87,5	8,0
87,6	16,0
87,8	9,0
88,1	7,0
88,2	16,0
88,3	8,8
88,6	8,0
88,9	9,0
