Angle	Impulses
a/º	Z/#/0,2s

8,0	1,0
8,1	1,0
8,2	1,0
8,4	1,0
8,5	1,0
8,6	1,0
8,8	1,0
8,9	1,0
9,0	1,0
9,2	1,0
9,3	1,0
9,5	1,0
9,6	1,0
9,7	1,0
9,9	1,0
10,0	2,0
10,1	1,0
10,3	1,0
10,4	2,0
10,5	2,0
10,7	1,0
10,8	1,0
10,9	1,0
11,1	1,0
11,2	2,0
11,4	1,0
11,5	1,0
11,6	1,0
11,8	1,0
11,9	3,0
12,0	2,0
12,2	1,0
12,3	1,0
12,4	1,0
12,6	2,0
12,7	1,0
12,8	3,0
13,0	1,0
13,2	1,5
13,4	1,0
13,6	1,0
13,8	1,0
14,0	1,0
14,1	1,0
14,2	1,0
14,4	2,0
14,5	2,0
14,7	1,0
14,8	2,0
14,9	1,0
15,1	1,0
15,2	1,0
15,3	2,0
15,5	1,0
15,6	2,0
15,7	1,0
15,9	1,0
16,0	1,0
16,1	1,0
16,3	1,0
16,4	1,0
16,5	1,0
16,7	1,0
16,8	1,0
17,0	1,0
17,2	1,0
17,3	1,0
17,4	1,0
17,6	1,0
17,7	2,0
17,8	2,0
18,0	2,0
18,1	1,0
18,2	2,0
18,4	1,0
18,5	1,0
18,6	1,0
18,8	2,0
18,9	1,0
19,0	1,0
19,2	1,0
19,3	1,0
19,5	1,0
19,6	1,0
19,7	1,0
19,9	1,0
20,0	1,0
20,1	1,0
20,3	1,0
20,4	1,0
20,5	2,0
20,7	2,0
20,8	2,0
20,9	1,0
21,1	1,0
21,2	1,0
21,3	1,0
21,5	3,0
21,6	1,0
21,7	1,0
21,9	1,0
22,0	2,0
22,2	2,0
22,3	2,0
22,4	1,0
22,6	1,0
22,7	1,0
22,8	1,0
23,0	2,0
23,1	1,0
23,2	1,0
23,4	2,0
23,5	2,0
23,6	2,0
23,8	2,0
23,9	1,0
24,0	1,0
24,2	1,0
24,3	1,0
24,4	2,0
24,6	1,0
24,8	1,0
25,0	1,0
25,2	1,5
25,4	2,0
25,6	1,5
25,8	1,0
26,0	1,0
26,1	3,0
26,3	2,0
26,4	3,0
26,5	2,0
26,7	1,0
26,8	1,0
26,9	1,0
27,1	2,0
27,2	1,0
27,3	1,0
27,5	1,0
27,6	2,0
27,7	1,0
27,9	1,0
28,0	1,0
28,1	1,0
28,4	1,0
28,6	2,0
28,8	3,0
28,9	1,0
29,0	1,0
29,2	1,0
29,3	1,0
29,4	1,0
29,6	1,0
29,7	1,0
29,9	2,0
30,0	1,0
30,1	1,0
30,3	1,0
30,4	1,0
30,5	2,0
30,7	1,0
30,9	1,5
31,1	1,0
31,3	1,5
31,5	2,0
31,7	1,0
31,9	1,0
32,1	1,0
32,3	1,0
32,5	2,5
32,7	1,0
32,9	1,0
33,1	1,0
33,3	1,5
33,6	2,0
33,7	1,0
33,9	1,0
34,1	2,5
34,3	3,0
34,4	2,0
34,5	3,0
34,7	2,0
34,8	1,0
34,9	1,0
35,1	1,0
35,2	3,0
35,3	3,0
35,5	1,0
35,7	1,5
35,9	2,0
36,1	1,0
36,2	1,0
36,4	2,0
36,5	1,0
36,6	2,0
36,8	2,0
36,9	1,0
37,0	1,0
37,2	2,0
37,3	1,0
37,4	2,0
37,6	1,0
37,7	1,0
37,8	2,0
38,0	1,0
38,1	2,0
38,2	2,0
38,4	1,0
38,5	1,0
38,6	2,0
38,8	2,0
38,9	1,0
39,1	3,0
39,2	1,0
39,3	3,0
39,5	3,0
39,7	2,5
39,9	3,0
40,1	2,5
40,3	2,0
40,5	1,0
40,7	1,0
40,9	3,0
41,1	4,0
41,3	3,5
41,5	2,0
41,7	2,5
41,9	2,0
42,1	5,5
42,3	4,0
42,5	11,0
42,8	17,0
42,9	12,0
43,0	18,0
43,2	33,0
43,3	52,0
43,4	123,0
43,6	170,0
43,7	395,0
43,8	629,0
44,0	661,0
44,1	695,0
44,3	686,0
44,5	751,5
44,7	635,0
44,9	421,0
45,1	43,0
45,3	18,5
45,5	6,0
45,7	4,0
45,9	2,0
46,1	3,5
46,3	1,0
46,5	2,5
46,7	6,0
46,9	2,5
47,2	4,0
47,3	2,0
47,6	2,0
47,7	1,0
47,8	1,0
48,0	3,0
48,1	1,0
48,4	1,0
48,5	1,0
48,6	2,0
48,8	3,0
48,9	2,0
49,0	2,0
49,2	2,0
49,3	2,0
49,4	1,0
49,6	2,0
49,7	1,0
49,8	1,0
50,1	1,5
50,2	1,0
50,5	2,5
50,7	3,0
50,9	2,0
51,1	3,0
51,3	1,0
51,6	1,0
51,7	2,0
51,8	1,0
52,0	2,0
52,1	2,0
52,2	1,0
52,4	2,0
52,6	1,5
52,8	1,0
53,0	1,5
53,3	1,0
53,4	2,0
53,7	4,0
53,8	2,5
54,1	3,0
54,2	2,0
54,3	1,0
54,5	1,0
54,6	1,0
54,7	1,0
54,9	3,0
55,0	2,0
55,1	1,0
55,3	1,0
55,4	2,0
55,5	2,0
55,7	1,0
55,8	3,0
56,0	3,0
56,2	2,0
56,4	2,0
56,6	2,5
56,8	1,0
56,9	3,0
57,0	3,0
57,2	2,0
57,4	1,0
57,7	1,0
57,8	2,0
58,1	5,0
58,2	1,0
58,3	1,0
58,5	3,0
58,7	1,0
59,0	1,0
59,1	2,5
59,4	3,0
59,5	3,0
59,8	1,0
59,9	2,0
60,2	1,5
60,3	2,0
60,6	2,5
60,7	1,0
61,0	1,5
61,2	2,0
61,4	1,0
61,6	2,0
61,8	1,5
62,0	1,0
62,2	2,5
62,4	1,0
62,6	1,5
62,8	1,0
63,0	2,0
63,3	2,0
63,4	3,0
63,7	1,0
63,8	4,0
63,9	1,0
64,1	1,0
64,2	1,5
64,5	1,0
64,6	2,5
64,9	1,0
65,0	1,0
65,1	2,0
65,3	1,0
65,5	2,5
65,8	1,0
65,9	1,5
66,2	1,0
66,3	2,0
66,6	1,0
66,7	3,0
66,8	1,0
67,0	2,0
67,1	1,0
67,2	1,0
67,5	2,0
67,6	2,0
67,9	1,5
68,1	3,0
68,3	1,5
68,5	2,0
68,7	1,5
68,9	2,0
69,1	2,0
69,3	1,0
69,5	2,0
69,8	1,0
69,9	1,5
70,2	1,0
70,3	2,0
70,4	2,0
70,6	4,0
70,7	3,0
70,8	1,0
71,0	2,0
71,2	1,5
71,5	1,0
71,6	3,0
71,9	2,0
72,0	2,5
72,3	1,0
72,4	3,5
72,7	2,0
72,8	3,5
73,1	1,0
73,2	2,0
73,5	1,0
73,6	4,0
73,9	2,5
74,1	3,0
74,3	2,5
74,5	1,0
74,7	2,0
74,9	2,0
75,1	1,5
75,3	1,0
75,5	2,0
75,7	1,0
75,9	1,5
76,1	2,0
76,3	1,0
76,6	1,0
76,8	1,0
77,1	2,0
77,2	2,5
77,5	1,0
77,6	1,5
77,9	1,0
78,0	1,0
78,1	3,0
78,3	2,0
78,4	2,0
78,5	1,0
78,7	2,0
78,8	1,0
78,9	2,0
79,2	2,5
79,3	3,0
79,5	2,0
79,7	3,0
80,0	2,0
80,2	1,0
80,4	2,5
80,6	2,0
80,8	1,5
81,1	1,0
81,2	1,0
81,5	1,0
81,6	1,0
81,9	1,0
82,0	1,0
82,1	2,0
82,4	2,0
82,5	2,0
82,8	1,0
82,9	1,0
83,0	3,0
83,3	1,5
83,4	2,0
83,7	2,5
83,8	2,0
84,1	1,5
84,2	1,0
84,5	3,0
84,7	1,0
84,9	1,5
85,1	3,0
85,3	4,0
85,4	2,0
85,6	3,0
85,8	3,0
86,0	2,0
86,1	1,0
86,2	2,0
86,4	1,0
86,6	1,5
86,8	2,0
87,0	1,5
87,2	2,0
87,4	1,5
87,6	1,0
87,7	1,0
87,8	1,0
88,1	2,0
88,2	1,0
88,5	2,0
88,6	1,0
88,9	2,0
89,0	3,0
