Angle	Impulses
a/º	Z/#/0,2s

8,1	2,0
8,2	5,0
8,3	2,0
8,4	2,0
8,5	1,0
8,7	1,0
8,9	4,0
9,0	2,0
9,1	3,0
9,2	2,0
9,3	1,0
9,5	1,0
9,6	1,0
9,8	2,0
9,9	1,0
10,0	3,0
10,3	3,0
10,4	1,0
10,5	2,0
10,7	2,0
10,8	2,0
11,1	1,0
11,2	2,0
11,3	3,0
11,5	3,0
11,6	2,5
11,8	2,0
12,0	2,0
12,1	4,0
12,3	1,0
12,4	2,5
12,7	2,0
12,8	3,0
12,9	3,0
13,1	3,0
13,2	2,5
13,5	5,0
13,6	5,0
13,7	6,0
13,9	6,0
14,0	3,0
14,3	4,0
14,4	2,0
14,6	6,0
14,7	8,0
14,8	6,0
15,1	5,0
15,2	7,0
15,3	5,0
15,5	4,5
15,6	6,0
15,9	3,0
16,0	4,0
16,2	3,0
16,3	5,0
16,4	8,0
16,7	7,0
16,8	5,0
16,9	5,0
17,1	9,5
17,2	12,0
17,5	11,0
17,6	11,0
17,7	12,0
17,9	15,0
18,0	15,0
18,3	23,0
18,5	10,0
18,6	12,0
18,7	14,0
18,9	15,0
19,1	14,0
19,2	12,0
19,4	16,0
19,5	21,0
19,7	16,0
19,9	17,0
20,0	22,0
20,2	22,0
20,3	22,0
20,4	17,0
20,7	28,0
20,8	26,0
20,9	30,0
21,0	33,0
21,1	20,0
21,2	32,0
21,5	26,0
21,6	24,0
21,7	19,0
21,8	23,0
21,9	28,0
22,0	32,0
22,2	23,0
22,4	24,0
22,5	15,0
22,6	34,0
22,8	25,0
23,0	21,0
23,2	24,0
23,3	26,0
23,4	32,0
23,6	39,0
23,9	39,0
24,0	45,0
24,1	28,0
24,2	39,0
24,4	31,0
24,7	35,0
24,8	36,0
24,9	29,0
25,0	43,5
25,2	39,0
25,5	42,0
25,6	35,0
25,7	30,0
25,8	30,0
25,9	28,0
26,0	32,0
26,2	44,0
26,4	32,0
26,5	25,0
26,6	36,5
26,8	36,0
27,0	37,0
27,2	42,0
27,3	38,0
27,4	31,5
27,6	37,0
27,9	39,0
28,0	29,0
28,1	22,0
28,2	33,5
28,4	40,0
28,6	23,0
28,8	28,0
28,9	35,0
29,0	34,0
29,2	32,0
29,4	31,0
29,6	44,0
29,7	27,0
29,8	30,0
29,9	35,0
30,2	31,0
30,3	26,0
30,5	34,5
30,6	32,0
30,7	33,0
31,0	34,0
31,1	34,0
31,3	35,5
31,4	34,0
31,5	31,0
31,8	32,0
31,9	24,0
32,1	30,5
32,3	31,0
32,6	41,0
32,7	29,0
32,8	22,0
32,9	32,0
33,1	26,0
33,4	26,0
33,5	30,0
33,6	27,0
33,7	26,0
33,9	29,0
34,2	23,0
34,3	33,0
34,4	32,0
34,5	28,5
34,8	32,0
35,0	27,0
35,2	26,0
35,3	25,5
35,6	24,0
35,8	20,0
36,0	26,0
36,1	26,0
36,2	18,0
36,4	18,0
36,6	19,0
36,8	21,0
36,9	20,5
37,0	19,0
37,2	26,0
37,5	25,0
37,6	25,0
37,7	33,5
37,8	22,0
38,0	39,0
38,2	31,0
38,4	39,0
38,5	76,8
38,8	120,0
39,0	150,0
39,2	168,0
39,3	197,8
39,6	151,0
39,9	147,0
40,0	91,0
40,1	35,0
40,2	35,0
40,5	31,0
40,7	34,0
40,8	25,0
40,9	24,5
41,0	18,0
41,3	20,0
41,5	29,0
41,6	19,0
41,7	24,0
42,1	33,0
42,3	17,0
42,4	39,0
42,5	69,0
42,8	129,0
43,0	121,0
43,2	271,5
43,3	414,5
43,6	581,0
43,9	588,0
44,0	665,5
44,1	688,0
44,2	286,0
44,5	122,0
44,7	124,0
44,8	27,5
44,9	20,0
45,2	30,0
45,4	13,0
45,6	14,0
45,7	16,0
46,1	15,0
46,2	16,0
46,4	15,0
46,5	14,0
46,8	16,0
47,0	15,0
47,1	14,0
47,2	12,5
47,3	10,0
47,6	10,0
47,8	11,0
47,9	13,0
48,0	10,5
48,1	10,0
48,4	14,0
48,6	18,0
48,7	9,5
48,8	12,0
48,9	13,0
49,2	11,0
49,4	9,0
49,5	12,2
49,7	11,0
50,0	8,0
50,2	13,0
50,3	14,0
50,4	13,0
50,5	7,0
50,8	12,0
51,0	19,0
51,1	11,0
51,2	5,0
51,3	8,0
51,6	10,0
51,8	8,0
51,9	11,5
52,1	11,0
52,4	6,0
52,6	10,0
52,7	6,8
52,9	8,0
53,2	3,0
53,3	4,0
53,5	8,2
53,7	7,0
54,0	8,0
54,1	8,0
54,3	6,0
54,5	4,0
54,8	6,0
55,0	4,0
55,1	5,8
55,3	6,0
55,6	6,0
55,8	5,0
55,9	7,2
56,0	5,0
56,3	5,0
56,6	9,0
56,7	7,8
56,9	5,0
57,2	7,0
57,4	4,5
57,5	4,0
57,6	5,0
57,9	4,0
58,1	8,0
58,2	4,0
58,4	5,0
58,7	7,0
58,9	6,0
59,0	4,8
59,2	4,0
59,5	5,0
59,7	5,0
59,8	3,8
60,0	6,0
60,4	3,0
60,5	5,0
60,6	4,5
60,7	4,0
60,8	4,0
61,1	4,0
61,3	2,0
61,4	4,5
61,6	2,0
61,9	5,0
62,1	4,0
62,2	3,0
62,4	3,0
62,7	6,0
62,9	5,0
63,0	4,2
63,2	6,0
63,5	4,0
63,7	7,0
63,8	3,8
64,0	7,0
64,3	3,0
64,5	5,0
64,6	3,2
64,8	2,0
65,1	7,0
65,3	4,0
65,4	4,2
65,6	2,0
65,9	6,0
66,1	2,2
66,2	2,0
66,4	4,0
66,7	6,0
66,9	4,0
67,0	2,0
67,2	1,0
67,5	1,0
67,7	3,1
68,0	5,0
68,3	4,0
68,5	5,4
68,8	2,0
69,1	4,0
69,3	2,5
69,6	4,0
69,9	3,0
70,0	2,8
70,1	3,0
70,3	5,0
70,6	5,0
70,8	1,0
70,9	3,8
71,1	4,0
71,5	4,0
71,6	5,0
71,7	2,2
71,9	7,0
72,3	3,0
72,4	2,0
72,5	1,5
72,7	5,0
73,1	4,0
73,2	3,0
73,3	3,2
73,6	1,0
73,9	5,0
74,0	2,0
74,1	3,5
74,4	1,0
74,7	3,0
74,9	2,6
75,2	4,0
75,5	1,0
75,7	3,0
76,0	7,0
76,3	2,0
76,5	2,0
76,6	1,0
76,8	3,0
77,1	3,0
77,3	2,0
77,6	3,0
77,9	2,0
78,0	4,0
78,1	3,8
78,4	2,0
78,7	2,0
78,8	2,5
78,9	2,0
79,2	2,0
79,5	3,0
79,6	2,5
80,0	2,0
80,3	2,0
80,5	2,2
80,9	2,0
81,1	4,0
81,2	2,0
81,3	3,0
81,6	1,0
81,9	2,0
82,0	2,5
82,1	3,5
82,4	2,0
82,7	4,0
82,8	2,0
83,2	3,0
83,5	3,0
83,6	2,5
83,7	2,0
84,0	4,0
84,3	3,0
84,4	3,2
84,5	4,0
84,8	3,0
85,0	6,0
85,1	11,0
85,2	9,0
85,5	15,0
85,8	13,0
85,9	20,0
86,0	17,0
86,3	12,0
86,6	10,0
86,7	2,5
86,8	6,0
87,1	2,0
87,4	2,0
87,5	2,5
87,6	3,5
87,9	3,0
88,2	2,0
88,3	1,8
88,4	5,0
88,7	2,0
89,0	3,0
