Angle	Impulses
a/º	Z/#/0,2s

9,2	34,0
9,3	33,0
9,5	22,0
9,6	34,0
9,7	27,0
9,9	20,0
10,0	23,0
10,2	21,0
10,4	21,0
10,5	14,0
10,7	11,0
10,8	13,0
11,0	9,0
11,2	9,0
11,3	7,0
11,4	7,0
11,5	6,0
11,6	8,0
11,8	10,0
12,0	10,0
12,1	9,0
12,2	9,0
12,3	7,0
12,4	6,0
12,6	8,0
12,8	10,0
12,9	9,0
13,1	3,0
13,2	6,5
13,4	12,0
13,6	8,0
13,7	5,0
13,9	5,5
14,0	7,0
14,2	4,0
14,4	5,0
14,5	5,0
14,7	6,0
14,8	7,0
15,0	12,0
15,2	7,0
15,3	8,0
15,4	9,0
15,5	9,0
15,6	5,0
15,8	6,0
16,0	13,0
16,1	8,0
16,2	4,0
16,3	4,0
16,4	4,0
16,6	8,0
16,8	6,0
16,9	8,0
17,0	5,0
17,1	7,0
17,4	8,0
17,6	9,0
17,7	6,0
17,8	8,0
17,9	8,0
18,0	5,0
18,2	9,0
18,4	9,0
18,5	7,0
18,6	10,0
18,7	14,0
18,8	11,0
19,0	17,0
19,2	13,0
19,3	15,0
19,4	11,0
19,5	11,0
19,6	17,0
19,8	6,0
20,0	22,0
20,1	15,0
20,2	16,0
20,3	15,0
20,4	18,0
20,6	21,0
20,8	20,0
20,9	15,0
21,0	23,0
21,1	20,0
21,2	21,0
21,4	32,0
21,6	17,0
21,7	26,0
21,8	25,0
21,9	35,0
22,0	39,0
22,2	65,0
22,4	52,0
22,5	90,0
22,6	101,0
22,7	120,0
22,8	109,0
23,0	138,0
23,2	141,0
23,3	106,0
23,4	70,0
23,5	42,5
23,8	34,0
24,0	31,0
24,1	39,0
24,2	46,0
24,3	68,5
24,6	74,0
24,8	78,0
24,9	174,0
25,0	289,0
25,1	344,0
25,4	387,0
25,6	420,0
25,7	420,0
25,8	425,5
25,9	273,0
26,2	102,0
26,4	91,0
26,5	54,0
26,6	19,5
26,7	16,0
27,0	29,0
27,2	18,0
27,3	23,0
27,4	22,0
27,5	20,0
27,8	18,0
27,9	20,0
28,1	13,0
28,2	23,5
28,3	21,0
28,6	12,0
28,8	15,0
28,9	19,0
29,0	14,5
29,1	13,0
29,4	18,0
29,6	18,0
29,7	13,0
29,8	16,5
29,9	20,0
30,2	22,0
30,4	14,0
30,5	20,0
30,6	28,5
30,7	19,0
31,0	16,0
31,2	26,0
31,3	21,0
31,4	27,0
31,5	35,0
31,8	29,0
32,0	19,0
32,1	24,0
32,2	26,0
32,3	24,0
32,6	25,0
32,7	29,0
32,9	27,0
33,0	28,0
33,1	17,0
33,3	29,0
33,5	20,0
33,7	17,0
33,8	19,5
33,9	16,0
34,1	25,0
34,3	16,0
34,5	27,0
34,6	21,5
34,9	20,0
35,1	20,0
35,3	24,0
35,4	18,0
35,7	17,0
35,9	24,0
36,0	24,0
36,1	25,0
36,2	20,0
36,4	19,0
36,7	30,0
36,8	23,0
36,9	28,5
37,0	18,0
37,3	17,0
37,5	29,0
37,6	14,0
37,7	19,5
37,8	23,0
38,1	26,0
38,3	13,0
38,4	28,0
38,5	22,0
38,6	14,0
38,9	20,0
39,1	21,0
39,2	16,0
39,3	22,5
39,4	31,0
39,7	18,0
39,9	14,0
40,0	19,0
40,1	22,5
40,2	13,0
40,5	15,0
40,7	21,0
40,8	28,0
40,9	19,0
41,0	28,0
41,3	24,0
41,5	15,0
41,6	24,0
41,7	26,0
41,8	27,0
42,0	18,0
42,3	19,0
42,4	23,0
42,5	23,0
42,6	7,0
42,8	13,0
43,0	15,0
43,2	18,0
43,3	20,0
43,6	16,0
43,8	14,0
44,0	17,0
44,1	17,5
44,3	13,0
44,6	20,0
44,8	21,0
44,9	18,0
45,1	23,0
45,4	18,0
45,6	21,5
45,7	20,0
45,9	13,0
46,2	15,0
46,3	15,0
46,4	21,0
46,5	18,5
46,7	16,0
47,0	26,0
47,1	9,0
47,2	27,0
47,3	25,5
47,5	59,0
47,8	66,0
47,9	60,0
48,0	102,8
48,3	66,0
48,5	92,0
48,7	84,0
48,8	40,2
49,1	14,0
49,3	32,0
49,5	23,0
49,6	24,5
49,8	13,0
50,1	11,0
50,3	18,0
50,4	25,0
50,7	23,0
50,9	20,0
51,1	18,0
51,2	19,0
51,4	14,0
51,7	15,0
51,9	25,0
52,0	24,8
52,2	25,0
52,5	21,0
52,7	19,0
52,8	25,0
53,0	94,0
53,3	91,0
53,5	211,8
53,6	289,0
53,7	279,0
54,0	271,0
54,2	276,0
54,3	158,5
54,5	57,0
54,8	64,0
55,0	74,0
55,1	21,0
55,3	14,0
55,6	12,0
55,8	18,0
55,9	18,5
56,1	17,0
56,4	21,0
56,6	18,0
56,7	20,2
56,9	10,0
57,2	13,0
57,4	15,0
57,5	14,2
57,6	16,0
58,0	20,0
58,2	13,0
58,3	17,2
58,4	15,0
58,7	22,0
58,9	17,0
59,1	15,8
59,2	17,0
59,6	14,0
59,7	14,0
59,9	13,2
60,0	20,0
60,4	12,0
60,6	9,0
60,7	13,2
60,9	15,0
61,2	17,0
61,4	19,0
61,5	20,0
61,6	17,0
61,9	14,0
62,2	14,0
62,3	17,0
62,5	13,0
62,8	16,0
63,0	18,0
63,1	16,0
63,3	16,0
63,6	9,0
63,8	18,0
63,9	15,2
64,1	20,0
64,4	16,0
64,6	19,0
64,7	13,5
64,8	19,0
65,2	13,0
65,4	15,8
65,5	16,0
65,6	14,0
65,9	18,0
66,1	13,0
66,2	15,5
66,4	18,0
66,7	20,0
66,9	12,0
67,0	10,8
67,2	14,0
67,5	19,0
67,7	11,0
67,8	14,0
68,0	11,0
68,4	7,0
68,5	22,0
68,6	15,5
68,9	12,0
69,2	14,0
69,4	13,8
69,7	27,0
70,0	17,0
70,2	17,5
70,3	14,0
70,5	14,0
70,9	14,0
71,1	13,4
71,4	21,0
71,7	22,0
71,9	18,1
72,2	15,0
72,5	15,0
72,6	11,8
73,0	13,0
73,3	11,0
73,4	12,8
73,5	16,0
73,8	14,0
74,0	19,0
74,2	13,6
74,5	19,0
74,8	12,0
75,0	18,6
75,4	26,0
75,7	17,0
75,8	25,6
76,1	46,0
76,4	33,0
76,6	34,4
76,9	21,0
77,2	24,0
77,4	18,6
77,7	11,0
78,0	14,0
78,2	16,1
78,5	21,0
78,8	8,0
78,9	18,0
79,0	16,0
79,4	13,0
79,6	18,0
79,7	14,0
79,8	15,0
80,1	13,0
80,4	18,0
80,5	12,0
80,6	15,2
81,0	15,0
81,2	16,0
81,4	13,9
81,8	9,0
82,0	14,0
82,2	15,8
82,6	21,0
82,9	12,0
83,0	14,8
83,3	16,0
83,6	19,0
83,7	20,0
83,8	13,8
84,2	19,0
84,4	13,0
84,5	17,0
84,6	13,2
85,0	21,0
85,2	15,0
85,3	18,5
85,4	17,0
85,7	14,0
86,0	22,0
86,1	34,0
86,2	24,5
86,5	89,0
86,8	92,0
86,9	77,0
87,0	99,0
87,3	51,0
87,6	69,0
87,7	32,8
87,8	41,0
88,1	22,0
88,3	19,0
88,5	17,6
88,9	18,0
